Best result: nan
Job-id: -1
Parameters: 
name: "sizes"
int_val: 1
int_val: 7
int_val: 9
int_val: 2
int_val: 2
name: "dropouts"
dbl_val: 0.101181030273
dbl_val: 0.0136566162109
dbl_val: 0.310592651367
